Camera Matrix:

Nanna's Phone

Not Resized:
[[1.85789978e+03 0.00000000e+00 9.75344296e+02]
 [0.00000000e+00 1.80208411e+03 5.72277486e+02]
 [0.00000000e+00 0.00000000e+00 1.00000000e+00]]


Webcam
Image Size: 1080 x 1920
#First Measure
[[2.16141379e+03 0.00000000e+00 9.07407532e+02]
 [0.00000000e+00 2.15738433e+03 4.00987123e+02]
 [0.00000000e+00 0.00000000e+00 1.00000000e+00]]
#Optimized
[[1.89179834e+03 0.00000000e+00 9.09950616e+02]
 [0.00000000e+00 1.89435730e+03 4.18642125e+02]
 [0.00000000e+00 0.00000000e+00 1.00000000e+00]]

Image Size: 1280 x 720
[[976.77820184   0.         604.02815296]
 [  0.         977.05528384 412.1739181 ]
 [  0.           0.           1.        ]]

Image Size: 640 x 360
[[477.70629631   0.         305.66414982]
 [  0.         477.83388597 183.12365019]
 [  0.           0.           1.        ]]

[[502.72957921   0.         308.91537076]
 [  0.         504.37092258 196.19555781]
 [  0.           0.           1.        ]]

Distortion Coefficients:
[[-1.91780374e-01  9.60782750e-01  1.03658392e-02 -1.88424109e-04  -1.50524156e+00]]

[[-2.22237255e-01  3.74616518e+00  5.56767238e-03 -1.18156151e-02  -1.52713758e+01]]